{
 "cells": [
  {
   "cell_type": "code",
   "execution_count": 6,
   "metadata": {},
   "outputs": [],
   "source": [
    "from itertools import combinations\n",
    "from scipy.spatial import distance\n",
    "\n",
    "import numpy as np\n",
    "import re"
   ]
  },
  {
   "cell_type": "code",
   "execution_count": 8,
   "metadata": {},
   "outputs": [],
   "source": [
    "origin_path = 'corpus/distance_table_100mfw_0c.txt'\n",
    "posgram_path = 'stanza_allposgram/distance_table_100mfw_0c.txt'"
   ]
  },
  {
   "cell_type": "code",
   "execution_count": 45,
   "metadata": {},
   "outputs": [],
   "source": [
    "def read_dist_table(path):\n",
    "    with open('D:/Nika/3/lingstylo/' + path) as f:\n",
    "        table = f.read()\n",
    "    #table = re.sub(' ', ',', table)\n",
    "    matrix = []\n",
    "    for vect in table.split('\\n')[1:-1]:\n",
    "        new_vect = []\n",
    "        for num in vect.split(' ')[1:]:\n",
    "            new_vect.append(float(num))\n",
    "        matrix.append(new_vect)\n",
    "    return np.array(matrix)"
   ]
  },
  {
   "cell_type": "code",
   "execution_count": 35,
   "metadata": {},
   "outputs": [
    {
     "name": "stdout",
     "output_type": "stream",
     "text": [
      "\"Dostoevsky_BednieLy\n"
     ]
    },
    {
     "data": {
      "text/plain": [
       "''"
      ]
     },
     "execution_count": 35,
     "metadata": {},
     "output_type": "execute_result"
    }
   ],
   "source": [
    "with open('D:/Nika/3/lingstylo/corpus/distance_table_100mfw_0c.txt') as f:\n",
    "    table = f.read()\n",
    "#table = re.sub(' ', ',', table)\n",
    "#print(table[:20])\n",
    "matrix = []\n",
    "table.split('\\n')[-1]"
   ]
  },
  {
   "cell_type": "code",
   "execution_count": null,
   "metadata": {},
   "outputs": [],
   "source": [
    "list_of_phrase_vects_dists = []\n",
    "list_of_noun_vects_dists = []\n",
    "\n",
    "for i in combinations(all_vectors_list, 2):\n",
    "    list_of_phrase_vects_dists.append(distance.cosine(i[0], i[1]))\n",
    "\n",
    "for i in combinations(noun_vectors_list, 2):\n",
    "    list_of_noun_vects_dists.append(distance.cosine(i[0], i[1]))"
   ]
  },
  {
   "cell_type": "code",
   "execution_count": 37,
   "metadata": {},
   "outputs": [
    {
     "data": {
      "text/plain": [
       "[[0.0,\n",
       "  1.04947937401832,\n",
       "  1.01206723348761,\n",
       "  1.0257333163446,\n",
       "  1.19357666166999,\n",
       "  1.53822503917884,\n",
       "  1.35121109934112,\n",
       "  1.35755928983943,\n",
       "  1.13833813592793,\n",
       "  1.24162028878188,\n",
       "  1.46571489647426,\n",
       "  1.82804701460071,\n",
       "  1.50072043804266,\n",
       "  1.61400277884774,\n",
       "  1.58226510257299,\n",
       "  1.69404447297665,\n",
       "  1.52667149725402,\n",
       "  1.47607365064037,\n",
       "  1.23603572380425,\n",
       "  1.24558238403066],\n",
       " [1.04947937401832,\n",
       "  0.0,\n",
       "  0.538348711681966,\n",
       "  0.790722057817529,\n",
       "  0.904093057934204,\n",
       "  1.20467482684757,\n",
       "  1.06751632916181,\n",
       "  1.0752436224841,\n",
       "  0.922643619432588,\n",
       "  1.01122039205665,\n",
       "  1.04435699060317,\n",
       "  1.36337721290464,\n",
       "  1.28476075182699,\n",
       "  1.15629188074441,\n",
       "  1.2426466649885,\n",
       "  1.21311271544049,\n",
       "  1.02550933295282,\n",
       "  1.0210777603149,\n",
       "  0.797034699956173,\n",
       "  0.822281886502537],\n",
       " [1.01206723348761,\n",
       "  0.538348711681966,\n",
       "  0.0,\n",
       "  0.641678646393183,\n",
       "  0.92744590499034,\n",
       "  1.2729982723735,\n",
       "  1.00341433239599,\n",
       "  1.04858473152261,\n",
       "  0.880804939260868,\n",
       "  1.07653249678973,\n",
       "  1.14733354369566,\n",
       "  1.48534421454901,\n",
       "  1.37463819251744,\n",
       "  1.19217745024115,\n",
       "  1.29980150581066,\n",
       "  1.30081336667596,\n",
       "  1.06410437209242,\n",
       "  1.07761158011843,\n",
       "  0.845684033941828,\n",
       "  0.807311374464164],\n",
       " [1.0257333163446,\n",
       "  0.790722057817529,\n",
       "  0.641678646393183,\n",
       "  0.0,\n",
       "  1.17519428408918,\n",
       "  1.48110134578635,\n",
       "  1.0636395832982,\n",
       "  1.02510419435024,\n",
       "  0.938241315486864,\n",
       "  1.035062608059,\n",
       "  1.21720791328853,\n",
       "  1.5326388599408,\n",
       "  1.28557822354315,\n",
       "  1.12873052174431,\n",
       "  1.13398037056195,\n",
       "  1.39846077738185,\n",
       "  1.13890806305802,\n",
       "  1.07252968919351,\n",
       "  0.942877985800437,\n",
       "  0.898267721761085],\n",
       " [1.19357666166999,\n",
       "  0.904093057934204,\n",
       "  0.92744590499034,\n",
       "  1.17519428408918,\n",
       "  0.0,\n",
       "  0.850913703914972,\n",
       "  0.982088107820374,\n",
       "  1.14481554782994,\n",
       "  1.04785890443765,\n",
       "  0.93883913476248,\n",
       "  1.0060643601845,\n",
       "  1.20980387431234,\n",
       "  1.16929168719436,\n",
       "  1.22613761086099,\n",
       "  1.34711747105275,\n",
       "  1.17347271857281,\n",
       "  0.991118367094824,\n",
       "  1.17995572414414,\n",
       "  1.08033340782434,\n",
       "  1.0446491280183],\n",
       " [1.53822503917884,\n",
       "  1.20467482684757,\n",
       "  1.2729982723735,\n",
       "  1.48110134578635,\n",
       "  0.850913703914972,\n",
       "  0.0,\n",
       "  1.22191647436934,\n",
       "  1.30585030358259,\n",
       "  1.33832134059351,\n",
       "  0.968974048014181,\n",
       "  1.07997619687574,\n",
       "  1.05144314686307,\n",
       "  1.03713663681346,\n",
       "  1.37044832484243,\n",
       "  1.38052640989741,\n",
       "  1.21736604067526,\n",
       "  0.989113303023446,\n",
       "  1.17653484271956,\n",
       "  1.14112950484084,\n",
       "  1.16181764475949],\n",
       " [1.35121109934112,\n",
       "  1.06751632916181,\n",
       "  1.00341433239599,\n",
       "  1.0636395832982,\n",
       "  0.982088107820374,\n",
       "  1.22191647436934,\n",
       "  0.0,\n",
       "  0.429828149614762,\n",
       "  0.538798834804816,\n",
       "  0.913944347976243,\n",
       "  1.10826735568118,\n",
       "  1.27758172432439,\n",
       "  1.18754772685976,\n",
       "  1.2597652181693,\n",
       "  1.41532611544581,\n",
       "  1.32314290249817,\n",
       "  1.10212442353371,\n",
       "  0.944667566203761,\n",
       "  0.834318374288701,\n",
       "  0.794331200388151],\n",
       " [1.35755928983943,\n",
       "  1.0752436224841,\n",
       "  1.04858473152261,\n",
       "  1.02510419435024,\n",
       "  1.14481554782994,\n",
       "  1.30585030358259,\n",
       "  0.429828149614762,\n",
       "  0.0,\n",
       "  0.601094927535444,\n",
       "  0.911696469383004,\n",
       "  1.05849492631706,\n",
       "  1.28088502547818,\n",
       "  1.19882383043154,\n",
       "  1.2356280065525,\n",
       "  1.42118454065503,\n",
       "  1.33064571396891,\n",
       "  1.12354010581212,\n",
       "  0.788782395238419,\n",
       "  0.731250866664812,\n",
       "  0.730210364541091],\n",
       " [1.13833813592793,\n",
       "  0.922643619432588,\n",
       "  0.880804939260868,\n",
       "  0.938241315486864,\n",
       "  1.04785890443765,\n",
       "  1.33832134059351,\n",
       "  0.538798834804816,\n",
       "  0.601094927535444,\n",
       "  0.0,\n",
       "  0.979176450227862,\n",
       "  1.17806764384991,\n",
       "  1.37899372567624,\n",
       "  1.21926944893795,\n",
       "  1.26537602218534,\n",
       "  1.43062722562735,\n",
       "  1.32358216505231,\n",
       "  1.13772084786052,\n",
       "  0.996047804963261,\n",
       "  0.763513185856504,\n",
       "  0.776040152854405],\n",
       " [1.24162028878188,\n",
       "  1.01122039205665,\n",
       "  1.07653249678973,\n",
       "  1.035062608059,\n",
       "  0.93883913476248,\n",
       "  0.968974048014181,\n",
       "  0.913944347976243,\n",
       "  0.911696469383004,\n",
       "  0.979176450227862,\n",
       "  0.0,\n",
       "  0.721479652080865,\n",
       "  1.06954317947808,\n",
       "  0.847443998635991,\n",
       "  1.16245323343648,\n",
       "  1.31919476641611,\n",
       "  1.10456372378435,\n",
       "  0.921907912479766,\n",
       "  0.905973254391338,\n",
       "  0.896903084358584,\n",
       "  0.791214433256165],\n",
       " [1.46571489647426,\n",
       "  1.04435699060317,\n",
       "  1.14733354369566,\n",
       "  1.21720791328853,\n",
       "  1.0060643601845,\n",
       "  1.07997619687574,\n",
       "  1.10826735568118,\n",
       "  1.05849492631706,\n",
       "  1.17806764384991,\n",
       "  0.721479652080865,\n",
       "  0.0,\n",
       "  0.977295286772803,\n",
       "  0.940497982893598,\n",
       "  1.05362044168969,\n",
       "  1.35705737333221,\n",
       "  0.906956475178179,\n",
       "  0.810806509519379,\n",
       "  0.848229501496758,\n",
       "  0.914722538104414,\n",
       "  0.884967269409344],\n",
       " [1.82804701460071,\n",
       "  1.36337721290464,\n",
       "  1.48534421454901,\n",
       "  1.5326388599408,\n",
       "  1.20980387431234,\n",
       "  1.05144314686307,\n",
       "  1.27758172432439,\n",
       "  1.28088502547818,\n",
       "  1.37899372567624,\n",
       "  1.06954317947808,\n",
       "  0.977295286772803,\n",
       "  0.0,\n",
       "  0.741937090283551,\n",
       "  1.38945316365352,\n",
       "  1.54671557458391,\n",
       "  1.15464299056813,\n",
       "  1.13077602929907,\n",
       "  0.939273927029027,\n",
       "  1.04126074588527,\n",
       "  1.05332037967455],\n",
       " [1.50072043804266,\n",
       "  1.28476075182699,\n",
       "  1.37463819251744,\n",
       "  1.28557822354315,\n",
       "  1.16929168719436,\n",
       "  1.03713663681346,\n",
       "  1.18754772685976,\n",
       "  1.19882383043154,\n",
       "  1.21926944893795,\n",
       "  0.847443998635991,\n",
       "  0.940497982893598,\n",
       "  0.741937090283551,\n",
       "  0.0,\n",
       "  1.36296175677001,\n",
       "  1.39309462065331,\n",
       "  1.09166580454082,\n",
       "  1.08288935231444,\n",
       "  0.911190716182976,\n",
       "  1.00193144665326,\n",
       "  0.947884033380268],\n",
       " [1.61400277884774,\n",
       "  1.15629188074441,\n",
       "  1.19217745024115,\n",
       "  1.12873052174431,\n",
       "  1.22613761086099,\n",
       "  1.37044832484243,\n",
       "  1.2597652181693,\n",
       "  1.2356280065525,\n",
       "  1.26537602218534,\n",
       "  1.16245323343648,\n",
       "  1.05362044168969,\n",
       "  1.38945316365352,\n",
       "  1.36296175677001,\n",
       "  0.0,\n",
       "  1.17281055106247,\n",
       "  0.740401618914811,\n",
       "  0.717191191884672,\n",
       "  1.02397789485102,\n",
       "  1.01913877782105,\n",
       "  0.999140789741648],\n",
       " [1.58226510257299,\n",
       "  1.2426466649885,\n",
       "  1.29980150581066,\n",
       "  1.13398037056195,\n",
       "  1.34711747105275,\n",
       "  1.38052640989741,\n",
       "  1.41532611544581,\n",
       "  1.42118454065503,\n",
       "  1.43062722562735,\n",
       "  1.31919476641611,\n",
       "  1.35705737333221,\n",
       "  1.54671557458391,\n",
       "  1.39309462065331,\n",
       "  1.17281055106247,\n",
       "  0.0,\n",
       "  1.26313147388437,\n",
       "  1.09860939777025,\n",
       "  1.38124876781532,\n",
       "  1.30936608018945,\n",
       "  1.31737138432583],\n",
       " [1.69404447297665,\n",
       "  1.21311271544049,\n",
       "  1.30081336667596,\n",
       "  1.39846077738185,\n",
       "  1.17347271857281,\n",
       "  1.21736604067526,\n",
       "  1.32314290249817,\n",
       "  1.33064571396891,\n",
       "  1.32358216505231,\n",
       "  1.10456372378435,\n",
       "  0.906956475178179,\n",
       "  1.15464299056813,\n",
       "  1.09166580454082,\n",
       "  0.740401618914811,\n",
       "  1.26313147388437,\n",
       "  0.0,\n",
       "  0.753896183159566,\n",
       "  1.06517689821063,\n",
       "  1.08859498456937,\n",
       "  1.03890168128388],\n",
       " [1.52667149725402,\n",
       "  1.02550933295282,\n",
       "  1.06410437209242,\n",
       "  1.13890806305802,\n",
       "  0.991118367094824,\n",
       "  0.989113303023446,\n",
       "  1.10212442353371,\n",
       "  1.12354010581212,\n",
       "  1.13772084786052,\n",
       "  0.921907912479766,\n",
       "  0.810806509519379,\n",
       "  1.13077602929907,\n",
       "  1.08288935231444,\n",
       "  0.717191191884672,\n",
       "  1.09860939777025,\n",
       "  0.753896183159566,\n",
       "  0.0,\n",
       "  0.896254039559342,\n",
       "  0.876903883910387,\n",
       "  0.849810287615298],\n",
       " [1.47607365064037,\n",
       "  1.0210777603149,\n",
       "  1.07761158011843,\n",
       "  1.07252968919351,\n",
       "  1.17995572414414,\n",
       "  1.17653484271956,\n",
       "  0.944667566203761,\n",
       "  0.788782395238419,\n",
       "  0.996047804963261,\n",
       "  0.905973254391338,\n",
       "  0.848229501496758,\n",
       "  0.939273927029027,\n",
       "  0.911190716182976,\n",
       "  1.02397789485102,\n",
       "  1.38124876781532,\n",
       "  1.06517689821063,\n",
       "  0.896254039559342,\n",
       "  0.0,\n",
       "  0.538412811290961,\n",
       "  0.496103203059961],\n",
       " [1.23603572380425,\n",
       "  0.797034699956173,\n",
       "  0.845684033941828,\n",
       "  0.942877985800437,\n",
       "  1.08033340782434,\n",
       "  1.14112950484084,\n",
       "  0.834318374288701,\n",
       "  0.731250866664812,\n",
       "  0.763513185856504,\n",
       "  0.896903084358584,\n",
       "  0.914722538104414,\n",
       "  1.04126074588527,\n",
       "  1.00193144665326,\n",
       "  1.01913877782105,\n",
       "  1.30936608018945,\n",
       "  1.08859498456937,\n",
       "  0.876903883910387,\n",
       "  0.538412811290961,\n",
       "  0.0,\n",
       "  0.384892477098738],\n",
       " [1.24558238403066,\n",
       "  0.822281886502537,\n",
       "  0.807311374464164,\n",
       "  0.898267721761085,\n",
       "  1.0446491280183,\n",
       "  1.16181764475949,\n",
       "  0.794331200388151,\n",
       "  0.730210364541091,\n",
       "  0.776040152854405,\n",
       "  0.791214433256165,\n",
       "  0.884967269409344,\n",
       "  1.05332037967455,\n",
       "  0.947884033380268,\n",
       "  0.999140789741648,\n",
       "  1.31737138432583,\n",
       "  1.03890168128388,\n",
       "  0.849810287615298,\n",
       "  0.496103203059961,\n",
       "  0.384892477098738,\n",
       "  0.0]]"
      ]
     },
     "execution_count": 37,
     "metadata": {},
     "output_type": "execute_result"
    }
   ],
   "source": [
    "read_dist_table(origin_path)\n",
    "#len(read_dist_table(origin_path)[0])"
   ]
  },
  {
   "cell_type": "code",
   "execution_count": 46,
   "metadata": {},
   "outputs": [
    {
     "data": {
      "text/plain": [
       "array([[ 1.        ,  0.43107784,  0.51116745, ..., -0.2453629 ,\n",
       "         0.08704586,  0.04475055],\n",
       "       [ 0.43107784,  1.        ,  0.83312605, ...,  0.24188058,\n",
       "         0.5229625 ,  0.4729091 ],\n",
       "       [ 0.51116745,  0.83312605,  1.        , ...,  0.21164193,\n",
       "         0.52669312,  0.51494218],\n",
       "       ...,\n",
       "       [-0.2453629 ,  0.24188058,  0.21164193, ...,  1.        ,\n",
       "         0.69614289,  0.71089739],\n",
       "       [ 0.08704586,  0.5229625 ,  0.52669312, ...,  0.69614289,\n",
       "         1.        ,  0.87398525],\n",
       "       [ 0.04475055,  0.4729091 ,  0.51494218, ...,  0.71089739,\n",
       "         0.87398525,  1.        ]])"
      ]
     },
     "execution_count": 46,
     "metadata": {},
     "output_type": "execute_result"
    }
   ],
   "source": [
    "np.corrcoef(read_dist_table(origin_path), read_dist_table(posgram_path))"
   ]
  },
  {
   "cell_type": "code",
   "execution_count": 47,
   "metadata": {},
   "outputs": [
    {
     "data": {
      "text/plain": [
       "2.9189973494536874"
      ]
     },
     "execution_count": 47,
     "metadata": {},
     "output_type": "execute_result"
    }
   ],
   "source": [
    "np.linalg.norm(read_dist_table(origin_path) - read_dist_table(posgram_path))"
   ]
  },
  {
   "cell_type": "code",
   "execution_count": 48,
   "metadata": {},
   "outputs": [
    {
     "data": {
      "text/plain": [
       "2.9189973494536874"
      ]
     },
     "execution_count": 48,
     "metadata": {},
     "output_type": "execute_result"
    }
   ],
   "source": [
    "np.linalg.norm(read_dist_table(posgram_path) - read_dist_table(origin_path))"
   ]
  },
  {
   "cell_type": "code",
   "execution_count": 49,
   "metadata": {},
   "outputs": [
    {
     "data": {
      "text/plain": [
       "array([[ 0.        , -0.03293645,  0.05075049, -0.0236856 , -0.08490516,\n",
       "        -0.2379213 ,  0.02492263,  0.03363007,  0.04175483, -0.03723994,\n",
       "        -0.19483553, -0.23486538, -0.09751846,  0.13682512,  0.35437391,\n",
       "         0.04115114,  0.05988181, -0.14894203, -0.03399575, -0.0484575 ],\n",
       "       [-0.03293645,  0.        ,  0.03606082, -0.0185312 ,  0.06892649,\n",
       "        -0.03424122,  0.20638334,  0.2326134 ,  0.09114226,  0.18732707,\n",
       "        -0.09427573,  0.05590002,  0.2649761 ,  0.20286097,  0.05495014,\n",
       "         0.23312326,  0.08185001,  0.07677129,  0.10113414,  0.12408933],\n",
       "       [ 0.05075049,  0.03606082,  0.        ,  0.02574116, -0.01749586,\n",
       "        -0.06113729,  0.27681325,  0.36574773,  0.23273855,  0.20942264,\n",
       "        -0.15439053,  0.06666832,  0.29977662,  0.2721751 ,  0.26099435,\n",
       "         0.19075891,  0.11256921,  0.12338355,  0.1648022 ,  0.20116493],\n",
       "       [-0.0236856 , -0.0185312 ,  0.02574116,  0.        , -0.12618567,\n",
       "        -0.21127459,  0.05426485,  0.12656969,  0.09912261, -0.06398602,\n",
       "        -0.36448685, -0.23258548,  0.03179255,  0.02352238,  0.09398106,\n",
       "        -0.07101505, -0.12347512, -0.07500881,  0.00340215, -0.00817981],\n",
       "       [-0.08490516,  0.06892649, -0.01749586, -0.12618567,  0.        ,\n",
       "         0.04431312,  0.05628857,  0.0724597 , -0.03484321,  0.15567313,\n",
       "         0.08381111, -0.10160218,  0.07890126,  0.10132783, -0.01341609,\n",
       "         0.13541994,  0.13832464, -0.04014436,  0.03244344, -0.05895694],\n",
       "       [-0.2379213 , -0.03424122, -0.06113729, -0.21127459,  0.04431312,\n",
       "         0.        , -0.04501985, -0.05024082, -0.15455818, -0.13223319,\n",
       "        -0.01047519, -0.41402557, -0.27380148, -0.14599381, -0.2285234 ,\n",
       "        -0.10679645, -0.17780672, -0.20577429, -0.24359378, -0.22006118],\n",
       "       [ 0.02492263,  0.20638334,  0.27681325,  0.05426485,  0.05628857,\n",
       "        -0.04501985,  0.        , -0.10997897,  0.04471665,  0.13088332,\n",
       "        -0.07504776, -0.05269937,  0.09719986,  0.28035806,  0.15166129,\n",
       "         0.25764267,  0.13689031, -0.00045943,  0.03200865,  0.06675093],\n",
       "       [ 0.03363007,  0.2326134 ,  0.36574773,  0.12656969,  0.0724597 ,\n",
       "        -0.05024082, -0.10997897,  0.        ,  0.02045356,  0.07617224,\n",
       "        -0.15898875, -0.18349668,  0.02101356,  0.24078634,  0.2385465 ,\n",
       "         0.17623437,  0.10456721, -0.03451941,  0.00649499,  0.01877754],\n",
       "       [ 0.04175483,  0.09114226,  0.23273855,  0.09912261, -0.03484321,\n",
       "        -0.15455818,  0.04471665,  0.02045356,  0.        ,  0.06437887,\n",
       "        -0.19627708, -0.14193229,  0.05788947,  0.18092503,  0.18935491,\n",
       "         0.10843956, -0.01007713, -0.08142863, -0.0269156 ,  0.10757258],\n",
       "       [-0.03723994,  0.18732707,  0.20942264, -0.06398602,  0.15567313,\n",
       "        -0.13223319,  0.13088332,  0.07617224,  0.06437887,  0.        ,\n",
       "        -0.10662873, -0.23763157, -0.12608128,  0.12481998,  0.09768893,\n",
       "         0.060819  ,  0.05763035, -0.01741797,  0.02206526, -0.06702171],\n",
       "       [-0.19483553, -0.09427573, -0.15439053, -0.36448685,  0.08381111,\n",
       "        -0.01047519, -0.07504776, -0.15898875, -0.19627708, -0.10662873,\n",
       "         0.        , -0.28458296, -0.22837061, -0.23503936, -0.25112583,\n",
       "        -0.26357753, -0.14734707, -0.26008032, -0.23501392, -0.32232062],\n",
       "       [-0.23486538,  0.05590002,  0.06666832, -0.23258548, -0.10160218,\n",
       "        -0.41402557, -0.05269937, -0.18349668, -0.14193229, -0.23763157,\n",
       "        -0.28458296,  0.        , -0.16406208,  0.03339919, -0.27978036,\n",
       "         0.04315783, -0.04913877, -0.28159781, -0.25432173, -0.1022484 ],\n",
       "       [-0.09751846,  0.2649761 ,  0.29977662,  0.03179255,  0.07890126,\n",
       "        -0.27380148,  0.09719986,  0.02101356,  0.05788947, -0.12608128,\n",
       "        -0.22837061, -0.16406208,  0.        ,  0.15494606, -0.11760175,\n",
       "         0.02792581, -0.01302432, -0.17816032, -0.09599523, -0.00372232],\n",
       "       [ 0.13682512,  0.20286097,  0.2721751 ,  0.02352238,  0.10132783,\n",
       "        -0.14599381,  0.28035806,  0.24078634,  0.18092503,  0.12481998,\n",
       "        -0.23503936,  0.03339919,  0.15494606,  0.        ,  0.00282884,\n",
       "        -0.03371739, -0.0586747 , -0.05614867,  0.06120519,  0.07165141],\n",
       "       [ 0.35437391,  0.05495014,  0.26099435,  0.09398106, -0.01341609,\n",
       "        -0.2285234 ,  0.15166129,  0.2385465 ,  0.18935491,  0.09768893,\n",
       "        -0.25112583, -0.27978036, -0.11760175,  0.00282884,  0.        ,\n",
       "        -0.22318984, -0.10706268,  0.00124315,  0.13175063,  0.13258177],\n",
       "       [ 0.04115114,  0.23312326,  0.19075891, -0.07101505,  0.13541994,\n",
       "        -0.10679645,  0.25764267,  0.17623437,  0.10843956,  0.060819  ,\n",
       "        -0.26357753,  0.04315783,  0.02792581, -0.03371739, -0.22318984,\n",
       "         0.        ,  0.0105111 , -0.05821928,  0.04131174,  0.02302458],\n",
       "       [ 0.05988181,  0.08185001,  0.11256921, -0.12347512,  0.13832464,\n",
       "        -0.17780672,  0.13689031,  0.10456721, -0.01007713,  0.05763035,\n",
       "        -0.14734707, -0.04913877, -0.01302432, -0.0586747 , -0.10706268,\n",
       "         0.0105111 ,  0.        , -0.06240678,  0.03450678, -0.06745624],\n",
       "       [-0.14894203,  0.07677129,  0.12338355, -0.07500881, -0.04014436,\n",
       "        -0.20577429, -0.00045943, -0.03451941, -0.08142863, -0.01741797,\n",
       "        -0.26008032, -0.28159781, -0.17816032, -0.05614867,  0.00124315,\n",
       "        -0.05821928, -0.06240678,  0.        , -0.1527454 , -0.15708822],\n",
       "       [-0.03399575,  0.10113414,  0.1648022 ,  0.00340215,  0.03244344,\n",
       "        -0.24359378,  0.03200865,  0.00649499, -0.0269156 ,  0.02206526,\n",
       "        -0.23501392, -0.25432173, -0.09599523,  0.06120519,  0.13175063,\n",
       "         0.04131174,  0.03450678, -0.1527454 ,  0.        , -0.07524966],\n",
       "       [-0.0484575 ,  0.12408933,  0.20116493, -0.00817981, -0.05895694,\n",
       "        -0.22006118,  0.06675093,  0.01877754,  0.10757258, -0.06702171,\n",
       "        -0.32232062, -0.1022484 , -0.00372232,  0.07165141,  0.13258177,\n",
       "         0.02302458, -0.06745624, -0.15708822, -0.07524966,  0.        ]])"
      ]
     },
     "execution_count": 49,
     "metadata": {},
     "output_type": "execute_result"
    }
   ],
   "source": [
    "read_dist_table(origin_path) - read_dist_table(posgram_path)"
   ]
  },
  {
   "cell_type": "code",
   "execution_count": 43,
   "metadata": {},
   "outputs": [
    {
     "data": {
      "text/plain": [
       "array([[0.59230106, 2.54892851, 2.56111011, 1.97567938, 2.49420382,\n",
       "        2.65355947, 2.75502832, 2.70338639, 2.4187812 , 2.66923892,\n",
       "        2.67094405, 3.10090664, 2.65415864, 2.71765451, 2.11979619,\n",
       "        2.89544647, 2.88673337, 2.77789254, 2.76483433, 2.88016839],\n",
       "       [2.34221113, 0.6063963 , 1.12104189, 1.54634508, 1.60063687,\n",
       "        2.55350869, 1.64252617, 1.61026228, 1.56618154, 1.53420621,\n",
       "        2.17140379, 2.86795583, 2.01192756, 1.79636816, 2.22769589,\n",
       "        2.05733137, 1.74869459, 1.71667005, 1.37411254, 1.47798049],\n",
       "       [2.18877292, 1.05379621, 0.84217597, 1.28621903, 1.76943827,\n",
       "        2.65819274, 1.61590968, 1.5560736 , 1.43347717, 1.69585817,\n",
       "        2.35651332, 3.00577878, 2.15852333, 1.86673019, 2.16309565,\n",
       "        2.23465421, 1.91192937, 1.82870129, 1.46480967, 1.52506554],\n",
       "       [2.03176151, 1.44885538, 1.303709  , 0.56422343, 2.07487533,\n",
       "        2.79797107, 1.78395838, 1.63551816, 1.51648443, 1.83132851,\n",
       "        2.45062194, 3.0136195 , 2.14256779, 1.84466269, 1.87118233,\n",
       "        2.3585808 , 2.07359738, 1.86762154, 1.65802319, 1.71521325],\n",
       "       [2.53026695, 1.63423428, 1.92237679, 2.23546481, 0.37636642,\n",
       "        1.77639543, 1.7732026 , 1.96301243, 1.99278247, 1.42830125,\n",
       "        1.66595171, 2.47650178, 1.78489435, 1.92654388, 2.3720155 ,\n",
       "        1.843725  , 1.56958748, 1.95090706, 1.93576853, 2.03000155],\n",
       "       [2.92070697, 2.38077593, 2.68185555, 2.79362601, 1.47695657,\n",
       "        0.81682438, 2.40006869, 2.53187617, 2.66349125, 1.95297828,\n",
       "        1.59728902, 2.08817016, 1.7906307 , 2.31511785, 2.54899643,\n",
       "        1.97522545, 1.89736142, 2.16484463, 2.47262256, 2.55446324],\n",
       "       [2.74639859, 1.70357873, 1.65928141, 1.9668399 , 1.80722142,\n",
       "        2.57780547, 0.60767113, 0.96528694, 1.08573271, 1.49863124,\n",
       "        2.19381417, 2.78199451, 2.00249449, 1.97021589, 2.49804451,\n",
       "        2.17172809, 1.90459994, 1.60000051, 1.50458501, 1.4898234 ],\n",
       "       [2.79023924, 1.72893288, 1.67762062, 1.93079311, 1.99676182,\n",
       "        2.69945625, 0.97441197, 0.67005484, 1.17582039, 1.55601197,\n",
       "        2.22211762, 2.81620678, 2.05005546, 1.97293216, 2.50510746,\n",
       "        2.21941973, 1.94877972, 1.42769666, 1.39378158, 1.4079112 ],\n",
       "       [2.46725092, 1.52282328, 1.41459095, 1.6698841 , 1.90759054,\n",
       "        2.73780364, 0.94660505, 1.01247953, 0.51682219, 1.59787954,\n",
       "        2.35251816, 2.92411403, 2.07053793, 1.97334652, 2.40641196,\n",
       "        2.25151266, 2.00623319, 1.692593  , 1.39697977, 1.38473379],\n",
       "       [2.89182382, 1.61501473, 1.86718654, 2.24624063, 1.43792061,\n",
       "        2.28693483, 1.56801041, 1.67844014, 1.87397185, 0.52382039,\n",
       "        1.61499338, 2.54371566, 1.58537251, 1.90053205, 2.56922399,\n",
       "        1.87727028, 1.50098966, 1.55741433, 1.62108923, 1.63101886],\n",
       "       [3.10726678, 1.91790056, 2.26154633, 2.58506206, 1.57246703,\n",
       "        2.20325711, 1.98515454, 2.06235968, 2.31340668, 1.34732651,\n",
       "        0.92783099, 2.26096766, 1.63367716, 1.87181696, 2.69081319,\n",
       "        1.64828214, 1.38233942, 1.59703861, 1.8653995 , 1.94146037],\n",
       "       [3.33065039, 2.69224897, 2.99951541, 3.03651377, 2.21548896,\n",
       "        2.07625362, 2.62820883, 2.73561733, 2.88234899, 2.30502018,\n",
       "        1.76291274, 0.87042197, 1.4452533 , 2.41130014, 2.88617846,\n",
       "        1.94731886, 2.14104677, 2.03380513, 2.56172971, 2.56123912],\n",
       "       [3.05542155, 2.26893693, 2.54754894, 2.62534216, 1.92692829,\n",
       "        2.13898626, 2.2482734 , 2.35481637, 2.4657225 , 1.81748217,\n",
       "        1.71791851, 1.74442858, 0.66314114, 2.19354625, 2.66962601,\n",
       "        1.84663263, 1.8965216 , 1.79696   , 2.19331308, 2.16089979],\n",
       "       [2.8035151 , 2.08207906, 2.26970363, 2.24648975, 1.99966368,\n",
       "        2.43854351, 2.16059158, 2.16064733, 2.32019747, 1.97797694,\n",
       "        1.96088262, 2.40438777, 2.02179868, 0.66930407, 2.12353662,\n",
       "        1.3006805 , 1.35788399, 1.80563809, 1.99844564, 2.09741151],\n",
       "       [2.30060345, 2.61182855, 2.69884109, 2.18962688, 2.4013779 ,\n",
       "        2.33153087, 2.71017568, 2.65008376, 2.67491958, 2.51731483,\n",
       "        2.35261462, 2.60071646, 2.34861574, 2.09944674, 0.79664988,\n",
       "        2.2990531 , 2.2822762 , 2.45562498, 2.65308206, 2.76709738],\n",
       "       [3.06177131, 2.26551303, 2.57802629, 2.69573938, 1.9189926 ,\n",
       "        2.20773926, 2.34716923, 2.43231653, 2.58799811, 2.00623771,\n",
       "        1.71357115, 2.03949119, 1.76469507, 1.45464795, 2.46773147,\n",
       "        0.60738397, 1.37825628, 1.9241767 , 2.22698407, 2.29420071],\n",
       "       [3.09314097, 1.7906761 , 2.04950288, 2.42879356, 1.58000837,\n",
       "        2.31185114, 1.8959357 , 1.98279744, 2.22288925, 1.50850603,\n",
       "        1.72786924, 2.45431402, 1.81489344, 1.35511679, 2.43277993,\n",
       "        1.33411756, 0.41351528, 1.61041512, 1.69045811, 1.7938681 ],\n",
       "       [3.20218101, 1.73359176, 1.92449113, 2.31376599, 2.02055749,\n",
       "        2.67647352, 1.67444631, 1.59810928, 1.95138812, 1.55093423,\n",
       "        1.9888085 , 2.4714637 , 1.73500412, 1.84250042, 2.72797118,\n",
       "        1.90477106, 1.59231329, 0.58149307, 1.23383624, 1.22677157],\n",
       "       [3.06353901, 1.33838276, 1.46294562, 2.08959914, 1.95890303,\n",
       "        2.8674654 , 1.41099361, 1.34130243, 1.57376664, 1.47816904,\n",
       "        2.25568278, 2.8387219 , 1.95697486, 1.85060269, 2.70430523,\n",
       "        2.06235899, 1.62690119, 1.16530956, 0.53230184, 0.81100716],\n",
       "       [3.13754833, 1.35099417, 1.43900539, 2.11803332, 1.97895681,\n",
       "        2.92709358, 1.38108303, 1.34904677, 1.57422376, 1.41843776,\n",
       "        2.28959014, 2.87812846, 1.94017138, 1.86178141, 2.7706263 ,\n",
       "        2.06823771, 1.64005885, 1.16435965, 0.81352574, 0.55095022]])"
      ]
     },
     "execution_count": 43,
     "metadata": {},
     "output_type": "execute_result"
    }
   ],
   "source": [
    "from scipy.spatial import distance\n",
    "distance.cdist(np.array(read_dist_table(origin_path)), np.array(read_dist_table(posgram_path)), metric='euclidean')"
   ]
  }
 ],
 "metadata": {
  "kernelspec": {
   "display_name": "Python 3",
   "language": "python",
   "name": "python3"
  },
  "language_info": {
   "codemirror_mode": {
    "name": "ipython",
    "version": 3
   },
   "file_extension": ".py",
   "mimetype": "text/x-python",
   "name": "python",
   "nbconvert_exporter": "python",
   "pygments_lexer": "ipython3",
   "version": "3.7.4"
  }
 },
 "nbformat": 4,
 "nbformat_minor": 2
}
